3
4
4
4
1
5
4
2
5
2
5
5
5
5
5
5
5
5
5
5
5
5
5
6
5
5
5
5
5
5
1
1
5
4
4
4
5
4
5
5
6
5
5
5
6
5
5
5
5
5
5
5
5
2
2
5
5
5
5
5
5
5
5
5
5
5
5
6
5
6
5
6
5
5
6
5
6
6
6
5
6
5
5
1
5
5
6
5
5
6
6
5
6
5
5
5
5
5
5
1
1
5
5
5
5
2
5
7
1
5
5
1
5
2
5
5
5
5
5
5
5
5
5
5
5
5
5
5
5
5
5
5
5
5
5
5
5
5
5
5
5
5
5
5
5
5
5
5
5
5
5
5
5
5
5
4
4
5
5
5
5
5
5
5
5
5
5
5
5
5
5
5
5
4
5
5
5
1
5
5
5
5
5
5
5
5
5
5
5
5
2
2
2
5
5
5
5
5
5
5
5
5
2
4
4
1
4
1
2
4
5
5
4
5
5
5
5
5
4
11
2
11
11
11
11
11
11
11
11
11
11
11
11
11
11
8
8
5
5
5
5
10
5
5
5
4
4
4
5
5
11
11
11
5
11
11
1
0
5
5
5
5
5
5
7
5
2
5
5
5
5
5
4
5
9
9
9
9
0
5
5
5
5
5
5
10
5
11
11
11
11
11
11
11
11
11
11
11
11
10
5
5
5
5
5
5
5
11
11
11
11
11
11
11
11
11
11
5
5
10
5
5
5
5
5
11
11
2
2
11
11
5
11
11
11
11
11
11
5
5
5
5
5
5
5
5
1
2
2
4
4
5
5
5
