1
1
0
3
3
4
3
4
4
4
4
4
0
1
1
4
4
4
4
4
1
0
5
4
4
4
4
4
5
2
2
2
5
5
5
5
5
5
0
5
5
2
5
5
5
5
0
6
0
0
1
1
4
4
4
4
4
4
6
5
5
2
2
5
5
5
5
6
5
5
5
6
6
6
5
6
5
1
1
6
5
5
5
6
5
0
5
6
5
6
6
5
5
4
4
5
1
5
5
5
5
5
6
1
1
5
1
1
1
4
5
2
7
5
1
1
0
5
5
5
1
5
7
2
2
1
5
5
5
0
5
8
8
8
2
5
1
1
5
5
5
5
5
4
2
5
5
5
5
5
5
5
5
5
4
5
4
5
1
5
5
0
0
4
0
4
0
5
5
4
4
5
5
4
5
4
2
5
1
5
1
1
2
2
5
1
5
5
5
5
5
5
4
4
4
4
4
4
4
2
5
0
5
5
1
0
0
2
0
5
5
5
5
2
2
9
2
2
2
2
1
2
2
0
5
5
2
2
2
1
5
5
5
0
2
2
0
2
2
4
4
1
1
4
1
1
4
2
2
4
4
5
2
2
5
5
5
5
0
0
4
2
11
11
11
4
1
11
11
4
11
8
8
8
8
5
0
5
5
4
4
4
4
0
0
4
4
4
1
1
11
1
0
4
1
9
1
1
1
7
5
5
5
5
1
5
7
2
11
11
2
2
5
7
4
5
5
5
4
1
11
4
5
5
5
9
9
9
9
9
9
9
9
9
9
9
9
9
9
0
0
7
11
0
5
5
1
1
1
1
11
11
11
11
2
7
5
10
7
2
1
0
11
1
1
11
11
1
1
1
5
5
10
2
5
1
5
2
2
5
11
11
11
11
5
1
5
1
2
2
2
2
2
2
2
4
4
4
4
0
0
0
0
0
5
5
4
5
