2
3
4
2
5
2
5
4
5
2
5
4
5
1
0
5
6
5
6
5
6
5
6
5
6
5
6
5
6
5
6
5
6
5
6
5
6
5
6
5
4
5
4
5
4
5
4
5
6
5
6
5
6
5
6
5
6
5
6
5
6
5
6
0
5
6
5
6
5
6
5
6
5
6
5
6
5
6
5
6
5
6
5
6
5
6
5
6
5
6
5
6
5
6
5
6
5
6
5
6
5
6
5
6
5
6
5
6
5
6
5
6
5
6
5
6
5
6
5
6
5
2
5
2
5
6
5
6
5
6
5
6
5
6
5
6
5
6
5
6
5
6
5
6
5
6
5
6
5
6
5
6
5
1
5
6
5
6
5
6
5
6
5
6
5
6
5
6
5
6
5
6
5
6
5
6
5
6
5
6
5
6
5
6
5
6
5
6
5
6
5
6
5
6
5
6
5
6
5
6
5
6
5
6
5
6
5
6
5
6
5
6
5
6
5
6
5
6
5
6
5
6
5
6
5
6
5
6
5
6
5
6
5
6
5
6
5
6
5
6
5
6
5
6
5
6
5
6
5
6
5
6
5
6
5
6
5
6
5
6
5
6
5
6
5
6
5
6
5
6
5
6
5
6
5
6
5
6
5
4
5
6
5
6
5
2
5
7
5
2
5
0
5
8
5
8
5
8
5
8
5
8
5
8
5
2
5
2
5
4
5
4
2
4
2
4
5
4
5
4
5
4
5
4
5
4
5
4
5
4
5
4
5
4
5
4
5
4
5
2
5
2
5
2
5
4
5
4
2
5
4
5
4
5
9
2
4
5
0
5
0
5
2
4
2
4
1
2
4
2
4
5
4
5
9
5
8
5
10
8
11
4
11
2
11
8
11
4
11
2
11
10
8
5
10
5
8
5
10
5
10
5
10
5
10
5
10
5
10
5
10
5
10
5
10
5
10
5
4
5
4
5
10
5
11
2
11
2
11
5
11
5
11
5
11
5
11
5
11
5
4
10
4
9
5
9
5
9
5
9
5
9
5
10
5
9
5
9
5
9
5
9
5
9
5
2
5
2
5
2
9
5
2
5
9
5
9
5
9
5
9
5
9
5
9
5
9
5
9
5
10
5
10
5
9
5
9
5
9
5
9
5
9
5
9
5
9
5
9
5
9
4
5
4
5
9
4
5
9
5
9
5
9
10
9
10
9
10
9
5
9
5
9
5
10
5
9
5
10
5
9
5
10
5
11
2
11
5
11
2
11
5
11
5
11
5
11
5
11
5
10
5
10
5
10
5
7
5
11
2
11
5
10
5
10
5
10
5
10
5
4
5
4
5
10
5
11
5
11
5
11
5
11
2
11
4
11
2
5
11
5
11
5
10
5
2
4
5
4
12
2
4
2
4
5
4
5
