7
7
7
6
7
6
7
6
7
6
6
6
7
7
7
6
7
6
7
6
7
7
6
7
7
6
7
7
6
6
7
7
7
7
6
6
6
6
6
7
6
7
7
6
7
7
6
7
6
7
6
7
6
7
6
7
6
7
7
7
6
6
7
6
7
7
6
5
4
5
4
7
4
5
7
5
7
6
6
7
6
7
6
6
4
6
7
6
7
6
7
4
7
7
5
7
7
4
7
5
7
7
6
7
4
7
7
4
6
7
4
7
6
5
7
4
7
2
7
4
7
7
1
6
6
7
6
7
5
6
5
4
7
4
6
7
5
6
4
5
5
4
4
5
4
7
5
7
6
7
4
5
7
2
5
6
6
4
7
2
6
5
6
6
5
6
6
4
6
6
5
5
6
5
7
5
7
4
6
6
4
5
6
6
6
4
6
7
4
6
4
6
5
6
6
6
4
6
5
6
4
6
4
7
4
6
5
0
4
6
7
6
7
6
7
5
7
6
7
5
4
7
7
6
7
7
6
7
5
7
5
6
4
7
4
7
7
4
4
7
7
7
6
7
6
7
6
7
6
6
4
6
6
4
7
6
5
6
5
6
7
6
4
2
7
5
6
7
5
4
5
2
6
5
7
5
7
5
7
7
7
7
7
5
7
5
5
7
5
5
6
5
7
5
5
7
5
5
5
7
5
6
7
7
7
7
7
7
6
7
6
7
7
1
1
1
6
1
1
1
6
6
6
7
6
7
7
6
7
6
7
6
6
7
7
7
7
7
7
7
7
6
7
7
6
7
6
7
6
7
7
7
7
7
6
7
7
7
6
6
6
7
6
7
6
7
7
7
6
7
