9
10
9
9
9
8
9
8
7
6
7
7
6
9
7
9
7
9
9
6
9
7
9
9
7
9
9
7
9
9
9
7
9
7
9
9
7
9
9
7
9
9
7
7
9
9
8
8
9
9
9
9
6
6
7
7
7
8
8
7
9
6
9
9
6
9
9
6
9
9
7
6
8
9
7
9
8
8
6
9
9
8
9
9
2
10
2
2
10
2
10
2
10
9
10
10
0
7
2
7
2
7
2
6
10
6
10
6
9
9
7
10
10
9
10
10
9
9
10
6
7
9
9
9
8
10
9
10
9
10
9
9
10
9
9
9
9
10
10
6
9
7
9
10
6
10
10
9
10
8
10
9
10
10
10
10
6
10
9
0
10
10
10
9
10
9
10
9
10
7
10
9
10
10
7
8
10
2
2
2
10
2
2
2
7
2
7
9
9
5
9
2
5
9
10
2
10
9
10
2
2
10
2
10
9
10
10
9
10
9
2
2
2
9
9
10
9
10
9
9
2
10
9
7
9
2
2
2
2
2
2
10
2
2
2
10
8
10
10
8
10
6
9
7
6
9
10
6
10
10
10
8
10
8
10
8
9
10
8
6
10
6
10
10
10
6
6
10
10
10
10
9
10
9
10
10
9
10
9
9
10
7
9
7
10
6
2
2
10
2
8
2
10
2
8
2
2
10
10
9
10
2
2
10
2
10
9
9
10
7
10
0
10
12
10
10
5
10
9
10
5
5
9
5
5
5
1
1
10
9
10
10
9
10
7
9
9
2
9
10
9
9
10
9
9
7
9
9
6
7
7
9
9
9
7
8
6
6
9
9
8
8
7
9
9
9
9
9
7
9
9
5
5
7
7
6
9
9
9
7
10
8
10
8
9
9
7
6
5
10
9
10
10
9
10
8
8
