7
5
5
4
4
7
7
7
7
7
4
5
5
7
7
7
7
5
5
7
7
5
5
0
7
7
7
7
7
7
7
5
5
7
7
7
7
5
5
7
7
7
7
7
7
7
7
7
5
5
7
7
7
2
7
7
5
5
7
7
7
7
7
7
7
7
7
7
7
7
7
5
5
5
5
7
7
7
7
7
5
5
7
7
7
7
0
7
5
5
7
7
5
5
7
5
5
7
7
7
7
5
5
7
5
5
5
5
7
7
7
3
3
5
5
7
7
7
7
0
7
7
7
7
7
7
5
5
7
5
7
7
7
7
7
5
5
7
7
7
7
5
5
7
1
1
1
1
1
1
1
1
1
1
5
5
7
5
5
5
5
5
5
5
5
7
7
7
7
5
5
0
5
5
5
5
7
5
5
7
5
5
7
5
5
5
5
7
5
5
7
7
7
5
5
7
5
5
5
5
7
5
5
5
5
7
7
7
7
7
7
7
2
7
5
5
6
6
5
5
7
5
5
7
5
5
7
7
7
5
5
5
5
5
5
5
5
5
5
7
7
5
5
5
5
5
5
5
5
7
7
5
5
5
5
7
7
7
7
