7
6
7
6
7
6
7
6
7
6
7
6
7
6
7
6
7
6
7
6
7
6
7
6
7
6
7
6
7
6
7
6
7
6
7
6
7
6
7
6
7
6
7
6
7
4
5
4
5
4
5
4
5
4
5
4
5
4
5
7
4
7
5
4
7
5
6
7
6
7
6
4
6
4
6
4
6
4
6
4
6
4
7
6
4
7
4
6
7
6
5
7
5
6
7
4
5
7
5
7
4
1
6
7
4
7
6
7
6
4
7
4
7
6
5
6
5
4
6
7
5
2
7
4
2
4
7
4
7
1
6
7
6
7
6
7
6
1
6
1
7
1
6
5
6
5
6
5
4
7
4
7
4
5
6
5
4
6
5
4
6
5
4
6
5
7
5
4
5
4
5
4
7
5
7
5
4
7
6
5
4
6
5
2
7
4
6
3
7
6
4
5
6
5
4
2
6
5
6
5
6
5
6
7
6
5
6
4
6
5
7
2
6
5
6
5
6
7
5
6
4
6
7
6
7
4
6
4
5
7
6
5
4
5
6
5
7
5
4
5
7
5
7
5
6
4
5
6
5
6
4
6
4
6
4
6
5
6
4
6
7
4
6
5
4
6
4
6
4
6
5
6
4
6
5
6
4
6
4
6
4
6
5
4
5
6
4
6
4
6
7
6
4
6
4
6
5
7
6
4
5
7
4
6
7
6
2
6
4
6
4
6
7
6
4
6
7
6
7
5
6
4
7
4
5
4
7
4
6
7
6
7
6
7
6
4
6
4
6
4
6
4
6
5
6
5
6
4
5
6
7
6
2
5
6
5
7
6
5
6
5
6
5
4
5
7
5
2
5
6
5
6
5
7
5
7
5
7
4
7
5
7
0
7
5
4
7
5
6
5
7
5
7
5
7
5
7
5
0
6
0
4
7
4
7
6
7
6
7
6
7
6
1
6
1
6
1
6
7
6
7
6
7
6
4
7
6
7
4
7
6
7
6
7
6
7
6
7
6
1
4
7
6
7
6
7
