10
10
10
8
9
7
6
7
7
6
9
7
10
10
9
10
9
7
9
7
7
7
9
7
9
7
9
7
7
9
9
7
7
9
9
7
9
8
10
10
10
10
7
7
9
7
7
9
7
7
9
7
8
9
7
7
10
9
6
7
6
7
6
6
9
7
8
7
10
7
10
10
7
8
9
8
8
6
10
7
9
8
10
9
4
4
4
9
4
10
9
4
7
4
9
7
2
7
9
2
2
9
6
10
10
4
7
10
4
7
10
7
10
8
10
10
9
10
7
4
9
9
9
4
9
10
10
10
10
9
10
6
7
10
7
7
10
7
4
9
4
4
9
9
7
4
2
9
7
9
4
6
4
4
9
4
9
10
9
10
10
4
10
9
7
4
10
7
10
7
9
8
10
8
10
4
10
4
4
10
4
4
10
4
4
7
4
10
4
4
7
6
4
9
6
10
4
4
10
4
10
4
4
10
2
4
4
4
9
9
9
10
9
10
5
4
9
10
9
9
9
4
4
7
4
4
4
4
4
2
4
9
7
8
4
2
7
9
6
9
7
7
9
7
10
10
10
6
10
8
10
10
10
7
7
10
10
7
9
7
10
10
10
7
7
10
10
10
9
7
10
10
10
7
7
10
4
7
4
8
4
4
4
10
7
4
9
4
9
4
4
9
10
4
4
7
4
7
4
8
4
4
10
4
7
10
9
4
10
10
4
4
7
4
4
10
4
10
4
7
4
4
4
10
4
4
10
10
10
10
10
10
10
7
7
9
10
9
10
10
7
10
9
6
7
7
9
7
9
7
7
8
7
7
7
9
9
8
8
7
7
10
10
10
10
9
9
9
7
7
10
5
10
5
10
6
7
9
7
7
9
7
10
8
10
10
7
7
9
8
7
7
7
5
7
9
7
7
7
6
9
9
10
10
8
7
9
9
9
6
10
10
10
