193
100
296
472
581
454
429
2068
778
69
222
108
89
1496
82
814
281
273
426
30
280
362
176
133
350
298
120
1465
332
350
510
24
134
337
745
141
83
263
209
310
234
306
496
621
307
156
116
957
367
200
36
98
44
56
198
2064
131
401
17
108
171
340
301
25
29
426
59
161
181
777
25
28
226
751
51
129
38
225
55
221
339
43
2058
393
309
463
393
2058
2058
27
2061
44
256
761
202
44
154
114
143
344
897
183
330
63
664
165
137
211
27
243
46
43
165
85
28
245
217
33
171
187
224
372
251
32
151
406
297
40
93
45
328
142
23
128
22
72
307
26
35
2059
308
309
213
110
350
69
380
419
1027
1268
212
707
624
594
713
763
584
616
459
625
959
28
2057
359
2061
98
390
513
39
148
236
285
58
36
73
2058
27
338
121
21
429
86
75
123
238
30
46
74
37
26
2059
31
207
117
63
38
713
142
544
278
135
2058
515
26
925
475
260
339
2057
322
92
491
785
411
86
186
114
285
236
147
24
2057
154
28
28
41
239
386
157
263
87
89
43
247
81
47
577
2058
151
26
2056
22
112
98
29
99
326
195
155
41
208
199
127
430
433
335
249
35
264
375
326
131
241
331
560
111
343
313
237
41
231
366
275
158
36
475
167
2068
31
122
25
168
273
2059
66
39
23
367
159
40
297
332
166
31
134
127
376
56
2054
217
75
295
417
286
35
37
206
103
526
778
342
134
296
313
449
181
130
287
332
287
317
228
601
573
2059
72
490
54
194
352
27
529
627
81
272
19
311
2055
938
889
144
28
668
2061
293
330
300
65
2057
392
195
202
76
279
147
78
583
525
27
37
94
108
352
60
189
369
175
32
23
33
233
20
257
166
354
254
221
17
220
450
128
407
26
549
263
316
207
147
296
278
227
413
105
34
224
178
193
103
20
654
22
395
